20000
20000
2
* ^ Set the maxx, maxy and maxz

*
* Format: 
*
* x, y, z, size, type, team, weapon, id,
*
* On lifts and drops, id needs to relate to
* the team of the base they lead to.
*
* Every line must end with a comma, even
* the last line.
*

*
* Add in some lifts and drops
*

* Level 2 drops
10500,05000,2,50,4,-9,0,0,
09500,15000,2,50,4,-9,0,0,

* Level 1 drops
15000,10500,1,50,4,-9,0,0,
05000,09500,1,50,4,-9,0,0,

* Level 1 lifts
10500,15000,1,50,3,-9,0,0,
09500,05000,1,50,3,-9,0,0,

* Level 0 lifts
05000,10500,0,50,3,-9,0,0,
15000,09500,0,50,3,-9,0,0,


*
* Draw in some walls
*

* Debug wall
*10000,3000,2,50,5,-9,0,0,

10000,10000,2,50,5,-9,0,0,
10000,10000,0,50,6,-9,0,0,

*
* Add in the bases with
* some outposts
*

* Team 0 (the player)
* Top Floor

* Base
10000,1000,2,50,1,0,0,0,

* Outposts
10000,1600,2,50,2,-1,0,1,
10600,1000,2,50,2,-1,1,1,
10600,1600,2,50,2,-1,2,1,
09400,1000,2,50,2,-1,2,1,
09400,1600,2,50,2,-1,2,1,

* Team 1
* Top Floor

* Base
10000,19000,2,50,1,1,0,0,

* Outposts
10000,18400,2,50,2,-1,0,1,
10600,19000,2,50,2,-1,1,1,
10600,18400,2,50,2,-1,2,1,
09400,19000,2,50,2,-1,2,1,
09400,18400,2,50,2,-1,2,1,

* Team 2
* Bottom Floor

* Base
1000,10000,0,50,1,2,0,0,

* Outposts
*1000,8400,2,50,2,-1,0,1,
*1600,9000,2,50,2,-1,2,1,
*1600,8400,2,50,2,-1,1,1,

* Team 3
* Bottom Floor

* Base
19000,10000,0,50,1,3,0,0,

* Outposts
*8400,1000,0,50,2,-1,0,1,
*9000,1600,0,50,2,-1,1,1,
*8400,1600,0,50,2,-1,2,1,

*
* Middle outposts
*

* R_OUTPOST is type 7
* x, y, z, size, type, team, weapon, id,

12349,01837,1,50,7,-1,2,1,
14000,11238,1,50,7,-1,2,1,
06789,10293,1,50,7,-1,2,1,
03892,13549,1,50,7,-1,2,1,
03892,03549,1,50,7,-1,2,1,
13892,13123,1,50,7,-1,2,1,
13892,02549,1,50,7,-1,2,1,
08892,07549,1,50,7,-1,2,1,
00892,07585,1,50,7,-1,2,1,
10892,17585,1,50,7,-1,2,1,
00392,07085,1,50,7,-1,2,1,
10392,07085,1,50,7,-1,2,1,
19392,19805,1,50,7,-1,2,1,
10392,10805,1,50,7,-1,2,1,
13340,10805,1,50,7,-1,2,1,
13340,09123,1,50,7,-1,2,1,
08234,09123,1,50,7,-1,2,1,
05234,06123,1,50,7,-1,2,1,
15124,16123,1,50,7,-1,2,1,



*2000,2000,0,50,2,-1,1,2,
*8000,2000,0,50,2,-1,1,2,
*2000,8000,0,50,2,-1,1,2,
*8000,8000,0,50,2,-1,1,2,

*3000,3000,0,50,2,-1,7,3,
*6000,3000,0,50,2,-1,7,3,
*3000,6000,0,50,2,-1,7,3,
*6000,6000,0,50,2,-1,7,3,
